76.64335008399999 Training_Time (s)
2.3762219160000058 Test_time (s)
98.51584241689392 Kappa accuracy (%)
98.69918699186991 Overall accuracy (%)
97.75820928696504 Average accuracy (%)
[100.          95.48638132  98.92904953 100.          99.31034483
  99.23896499 100.         100.          83.33333333  99.08571429
  99.59276018  97.75280899  99.45945946  99.91220369  97.98270893
  94.04761905] Each accuracy (%)
                              precision    recall  f1-score   support

                     Alfalfa     1.0000    1.0000    1.0000        41
                 Corn-notill     0.9943    0.9549    0.9742      1285
                Corn-mintill     0.9893    0.9893    0.9893       747
                        Corn     0.9953    1.0000    0.9977       213
               Grass-pasture     1.0000    0.9931    0.9965       435
                 Grass-trees     0.9969    0.9924    0.9947       657
         Grass-pasture-mowed     0.9615    1.0000    0.9804        25
               Hay-windrowed     1.0000    1.0000    1.0000       430
                        Oats     1.0000    0.8333    0.9091        18
              Soybean-notill     0.9775    0.9909    0.9841       875
             Soybean-mintill     0.9735    0.9959    0.9846      2210
               Soybean-clean     0.9849    0.9775    0.9812       534
                       Wheat     1.0000    0.9946    0.9973       185
                       Woods     0.9948    0.9991    0.9969      1139
Buildings-Grass-Trees-Drives     0.9971    0.9798    0.9884       347
          Stone-Steel-Towers     0.9294    0.9405    0.9349        84

                    accuracy                         0.9870      9225
                   macro avg     0.9872    0.9776    0.9818      9225
                weighted avg     0.9871    0.9870    0.9870      9225

[[  41    0    0    0    0    0    0    0    0    0    0    0    0    0
     0    0]
 [   0 1227    0    0    0    0    0    0    0    6   52    0    0    0
     0    0]
 [   0    0  739    0    0    0    0    0    0    8    0    0    0    0
     0    0]
 [   0    0    0  213    0    0    0    0    0    0    0    0    0    0
     0    0]
 [   0    0    1    0  432    0    0    0    0    0    2    0    0    0
     0    0]
 [   0    0    0    0    0  652    0    0    0    0    1    0    0    4
     0    0]
 [   0    0    0    0    0    0   25    0    0    0    0    0    0    0
     0    0]
 [   0    0    0    0    0    0    0  430    0    0    0    0    0    0
     0    0]
 [   0    0    3    0    0    0    0    0   15    0    0    0    0    0
     0    0]
 [   0    7    0    0    0    0    0    0    0  867    0    1    0    0
     0    0]
 [   0    0    0    0    0    2    0    0    0    5 2201    0    0    2
     0    0]
 [   0    0    3    1    0    0    1    0    0    1    0  522    0    0
     0    6]
 [   0    0    1    0    0    0    0    0    0    0    0    0  184    0
     0    0]
 [   0    0    0    0    0    0    0    0    0    0    0    0    0 1138
     1    0]
 [   0    0    0    0    0    0    0    0    0    0    5    2    0    0
   340    0]
 [   0    0    0    0    0    0    0    0    0    0    0    5    0    0
     0   79]]